35554 58798 67255 35830 98007 48789 33579 55836 96104 41323 51574 23823 30671 60356 8288 8058 89044 23386 45110 95996 99250 76104 85473 57880 49545 36385 80659 43964 68605 47875 76151 47300 53373 72136 47206 81989 30265 74690 42518 47351 64709 39000 14218 96225 15052 54513 90910 
97788 5321 9607 50678 84134 31041 94492 24757 53881 62595 82896 106 35407 57965 33111 23326 70394 90946 10189 90588 94443 89664 14448 68504 3567 97808 52172 6769 41962 96039 5354 36946 70035 88051 339 59076 91574 63121 70026 34541 68831 80428 35273 77890 31555 44988 25424 47955 95939 42020 86130 79060 97370 17623 52439 76073 4524 36125 77637 90976 68505 38440 24726 
69199 8126 50489 71726 52903 43051 91997 90221 53870 97678 52942 95196 21611 36644 81914 100285 75355 88021 54248 64712 58788 98895 95246 74612 87879 18241 88514 13946 5110 80428 32725 39066 71400 27243 43816 89150 58734 43520 45101 26180 78422 22929 79601 99166 73492 89291 29263 95982 7828 88501 36538 31005 84237 1543 46044 20309 93085 68200 10372 85575 50109 88308 67461 
100204 37975 78255 63661 96689 77847 83617 48858 69654 73387 9569 90331 96842 7569 50297 78561 67778 20316 34425 27836 100890 92473 34150 22902 52316 51541 96693 81315 75762 
56841 64219 32797 94971 92019 13152 40822 7686 39366 25289 99624 20872 29408 28235 96047 99244 39334 68640 49749 25433 50109 22469 16438 36777 47807 26868 87684 36547 76445 27606 44247 5252 99428 65233 100075 45209 6748 74128 95047 27055 94451 
72374 22441 67543 25386 60762 28258 69084 76596 60535 66302 80259 45901 17314 24705 95876 69799 89887 87803 15970 93098 85267 52575 68646 52169 87901 39731 87792 1095 41467 64983 81222 47219 62538 65214 85186 56646 57318 2900 22841 
62100 1376 18124 100295 23656 44549 88034 39816 9635 24303 81009 53338 51597 71781 25241 71065 34484 59621 61427 53905 86591 35585 57943 101622 19108 56497 23398 81812 85031 92144 72048 74768 99844 44881 100734 82065 36911 1969 84737 87922 44832 9611 77379 
96495 1033 75004 32944 96726 62899 76309 24135 74442 38624 39072 48988 27336 20997 87912 40115 10490 63352 4846 37596 88378 41779 44781 17694 13693 43865 84976 98550 66958 71198 58562 40698 8329 78003 98070 44168 76629 89130 11670 86999 49169 67717 7519 
32672 33288 85857 82839 55967 94560 72036 80029 26845 36661 43904 74605 97679 19873 93224 79628 13372 72017 60015 28344 17042 1720 84448 8049 76366 13348 31212 63905 14476 19494 40944 41387 80945 37040 80548 
19318 64398 71022 10596 44792 58103 45480 36856 51761 44729 86761 56713 101514 28062 71018 101187 65263 50844 94361 64691 57648 5586 50621 1883 
68147 24071 60368 45768 42559 88137 5712 80098 37257 45294 42 11730 48513 60405 64189 23171 39947 79598 97228 100202 20906 83522 34020 4226 51155 20995 11038 81671 74294 39847 92408 8944 24473 40072 53126 56174 30153 54210 24804 38623 64762 93277 
42571 97005 8651 17062 4286 60164 99998 45558 31753 49641 46015 58070 84035 47990 57232 83038 24745 36111 35085 51570 76339 59071 84529 18221 24308 29565 98397 8981 38929 89446 81277 7292 78720 
17698 347 89984 6705 86949 45465 10094 51405 44694 37244 87942 42412 22562 1941 527 57934 58795 44581 93278 90982 75184 86164 40319 47779 89036 30977 11788 70166 24116 53051 18157 
47828 1694 97485 20115 85899 24916 32540 66765 100521 8321 95212 16893 53821 34827 62800 4695 74698 20118 24368 46258 52535 86940 69984 79512 64187 39240 35661 66316 12749 100526 71819 75819 54300 89054 89699 48254 60089 99723 7832 4900 75797 53440 54842 64659 
95793 97949 14731 9857 91518 6963 31689 58208 72763 91758 87806 99735 49930 70565 7604 99976 57698 90972 87978 41684 71622 27754 92660 22989 6838 69348 39154 
15475 52981 57022 67348 97665 65475 45360 66641 63254 77119 68412 46607 10493 59892 67941 28375 28764 92198 40796 13746 84563 94694 14238 26015 64380 18966 76650 25868 47316 3284 60391 52875 
92761 33163 54372 68400 43026 44917 18409 21140 66563 25651 59976 3109 35064 475 61575 2686 64593 18989 52936 76479 76299 52005 93194 44117 5463 32225 97990 72926 84400 69571 
99218 33461 39619 36944 3898 1724 92033 14254 25327 60979 74750 65884 65237 7124 75128 57349 755 2446 25168 12297 12375 97097 10215 95023 42440 46976 19301 48501 86028 68536 57766 83259 19182 49572 82196 4258 57033 3070 56340 39491 3519 65807 52841 26271 886 94769 68996 29522 61975 68120 72886 80860 31363 19177 40238 11963 34635 80001 
54275 43733 52187 83335 101119 3151 80664 66805 80869 37363 97874 34411 45925 56158 32297 60831 30216 79006 89473 32938 34331 53203 53064 5886 78428 90035 24292 29827 60826 65416 49529 5322 61924 50886 567 94419 45173 43633 35723 92015 64715 91146 37732 57696 9249 28091 24866 23665 32467 2944 47777 48526 37749 20930 5447 22070 43895 30538 
90243 49532 48177 55648 46524 86595 76099 23427 29878 13981 12740 12584 6930 60005 9813 67999 78877 67957 1911 98937 13527 9227 84919 33925 31282 22067 69095 79288 59186 31028 29905 70507 29694 19917 13744 10301 53595 38780 
