12117 47114 31329 65597 35371 44803 25729 88685 73046 28716 11490 19339 17149 27316 23131 1102 10245 2208 88180 32967 74293 62603 38708 52383 19705 41080 92864 85622 96183 84073 82076 94748 37046 35857 71716 2488 34535 55331 47138 2235 53467 40629 65951 56877 68545 925 55155 79415 38962 23796 18129 86464 26141 75268 45670 53031 76460 81464 427 68113 84712 71207 42203 101028 73309 72364 41098 93978 96678 41337 44635 73048 21867 22034 31827 78064 3779 62963 
6204 60654 48855 59641 43446 97452 53305 11947 23006 58255 18237 4216 36359 101047 85006 55724 61410 80575 67370 71943 44505 5099 96645 65803 79746 1690 59577 10576 2033 46538 84893 29880 38894 52447 12203 29759 7526 98658 40422 15937 77795 89322 54361 89554 38207 51097 94100 92054 90147 45769 53725 89522 7605 91647 52144 63662 64018 19822 59909 62079 64146 50000 63065 60704 60587 46432 64857 72891 35102 35911 90921 25692 47444 7582 33515 74123 2693 
28517 82119 1549 6090 31947 67065 101243 43875 63037 26528 36922 2530 16242 52988 21947 70236 82582 54601 31383 65627 83752 47238 61083 22794 56797 35821 6417 24808 54995 9724 58749 51226 60269 18041 56213 49920 98122 89324 25051 53004 100829 12709 41187 49855 49264 29961 62490 
41816 59516 29784 70263 20739 87576 26552 46198 68499 28848 70412 32229 10903 72758 30659 96610 101146 39548 66967 44550 86813 72987 99247 12093 92110 31770 94676 31280 88621 9955 46673 26743 69735 28198 622 48712 34679 44104 43192 66217 15931 21730 42577 56068 59307 31614 66973 33842 63276 27197 84815 94466 15406 23096 29798 23744 53632 90679 75627 52993 43149 47817 10898 8086 29169 37942 82312 25208 98408 5057 45861 15046 11092 90567 41215 12560 33550 77881 
18473 51879 29583 37496 101267 44233 23547 88633 32557 746 47309 53454 45477 54090 4613 58333 91683 33548 60695 49258 80460 45055 70173 53789 6792 87577 59954 54204 55627 32449 75234 59579 47134 30221 21404 23009 3007 5823 29331 19772 11806 14916 82035 100767 4885 75814 65723 90166 58352 60262 79860 47021 84059 11626 46098 10089 95244 54100 57486 37372 99719 53180 63451 33459 81300 19164 87557 91035 32934 57936 24899 49092 20603 31116 
81473 58114 31505 73719 34481 85877 38602 101457 16548 77274 100850 4984 82787 38404 20936 64872 25707 19199 13454 355 304 52426 89627 96521 4346 69733 42917 56079 47711 78023 15699 9931 1565 85740 72071 67295 15108 100311 69842 30661 34918 70715 79696 13344 50172 13426 82025 15415 51691 5998 20478 25182 16295 48109 63087 63991 45866 25267 9970 98594 100314 59302 12972 70706 44226 72841 95677 3384 87552 53284 44434 81347 93266 52194 84315 87822 39576 64526 33521 11625 64167 14867 67621 27328 
4134 80751 5872 34449 57147 6094 91575 23263 98074 87035 33439 87696 74666 1571 66564 380 101346 94517 66006 86905 12891 35110 5336 97111 69022 99703 40005 53503 74326 87346 35691 41566 30922 74688 56439 68058 47259 99505 84868 2578 62328 93838 32020 40805 48138 71812 26770 6349 53294 38775 44021 31649 91207 89863 13389 98383 22813 88896 70762 95898 93260 67074 80076 68466 3792 98815 15045 61120 56380 40221 55684 38389 
75676 12463 19299 26340 30611 7965 99164 41588 43542 67323 95033 92273 58498 65062 63131 60203 75172 74331 21200 26595 96783 27159 71564 75173 68741 92073 94689 51454 65605 63974 24396 28374 23847 44750 38412 20989 84397 84150 99446 101294 33874 6840 49116 4345 79590 22234 41213 49964 5892 96656 79817 81399 31667 23217 59761 12952 89450 7748 59094 16800 85289 18627 76198 2237 21285 90269 8798 51632 59370 62031 94569 95646 83347 35851 60971 
6370 22411 90800 37562 72172 16649 49954 14045 14171 13708 78864 19912 23126 76842 101822 76634 71155 51188 97448 26137 66085 254 4743 32840 71107 59993 47403 40672 23008 97729 45123 14214 9345 25643 97132 53773 92997 60135 25869 72431 82289 82207 48916 41033 30886 2856 36668 9403 28234 2072 98816 40889 79564 13595 11744 16577 75541 11564 86535 38442 84064 77603 61124 27865 29234 15969 15707 42129 10108 212 5221 38414 17850 45177 29580 101862 52126 62087 98359 35733 
89310 57246 97633 22153 44418 27514 68143 83734 14661 46736 96349 38324 61685 93026 48174 36011 98851 77557 24098 100039 62669 24769 3982 24980 81062 86398 77400 22478 49385 4924 34376 1129 13455 67478 88009 11911 2319 74080 57163 75387 8827 100374 59013 99440 54899 30755 80807 11770 4693 61197 3557 6216 7620 9386 90021 22602 14349 55688 8616 85505 54650 26963 90664 98359 83162 63337 71035 82437 11886 85123 31432 14136 67176 63366 42613 83630 14390 26453 
87659 52676 11764 69757 40914 10804 93228 92848 80780 4382 9929 71161 94669 31079 101065 49015 28132 20101 84781 90485 11438 10339 91669 96734 79476 37715 16313 13982 16057 4913 24523 82607 98105 97243 54678 99672 5560 75291 98429 21886 4025 19936 21888 66544 60906 33681 10306 90489 38330 93660 86992 36877 47363 93251 63791 12982 60903 20956 75024 39339 1189 92894 90955 84455 25319 6099 50728 40165 83217 9230 82991 83304 85637 60079 29652 91845 10338 75444 36174 
65887 69812 32366 55346 42452 64076 63294 86332 95938 35209 55960 41805 93565 52725 5931 71139 11502 13810 46460 64663 25970 68432 19662 92990 43273 27274 47947 69449 81042 91662 91100 96230 23353 45356 98562 59073 68309 94046 90438 56611 89530 83900 99894 3280 48242 
81459 95870 73015 21719 59105 46373 31948 13766 4331 75810 7315 29020 70208 38674 19849 71354 99745 9303 61507 16997 84923 101856 6505 61718 37008 70168 23455 13084 54519 36319 37211 85601 28682 17084 39034 21593 22818 89588 91332 21743 57627 29174 21792 77660 37859 615 8317 1075 88749 54938 84709 13283 74598 87911 69158 50756 41465 10467 98131 16807 92451 24255 19302 19855 79744 66165 85374 6150 32730 32228 42202 8394 56510 70242 8161 28709 89275 
26746 87227 11715 9259 77317 99805 31418 3823 73710 680 10015 1865 70373 33593 63564 37303 22663 45008 24968 14665 78601 63558 48098 17973 38261 40165 76102 4841 73773 78368 28414 15641 85128 77850 89993 40346 24872 17529 75120 91431 48638 89243 62098 4372 33947 58571 56066 71652 89500 74181 38599 76001 30097 50604 18553 48005 78462 70831 83820 40665 81053 46776 32706 57589 38527 73665 33419 7218 
55333 96534 9377 49234 59779 46481 59865 18559 40180 43974 84442 54124 50532 56243 43080 62584 82207 84444 74401 90871 76474 95889 99413 64671 61804 50326 71801 85210 53525 45655 44178 37150 92393 1526 12622 6453 98114 52146 29099 7444 17827 55378 4714 71104 29644 47082 85884 27267 70277 14869 25531 39663 39469 16193 24380 59722 759 41518 3665 3518 17341 75688 64455 42332 87136 98385 35238 85886 66881 82777 96218 25627 23536 53799 34153 19184 75983 
36510 18505 98809 29836 3169 56853 43135 28060 75101 25596 37034 99504 68146 84310 5933 15472 37738 69925 40313 38561 29988 75783 16208 24819 48342 4399 21511 62957 99055 28713 77344 49162 72106 81526 98472 93012 14082 15852 994 94960 2218 3209 43614 6743 77519 67350 21946 7298 73060 16825 85029 62679 12228 51336 81436 58261 83958 67209 47283 28492 29194 87359 11647 6222 88686 75839 36866 50189 98100 62024 50141 71728 36272 48781 65169 4554 26259 94662 47995 68941 
99421 63148 55393 71222 30933 71764 58077 67688 55816 69110 28306 80895 80519 97419 101180 23215 19465 20508 78661 46944 42594 101189 36444 92508 16528 3938 76523 91001 59512 22886 6790 48546 44338 55652 77888 62225 29124 57351 13298 6272 77741 24480 45277 21592 7225 18357 34287 35639 39810 48523 71556 48107 60769 7169 37416 45473 5494 4312 33674 54409 99104 97359 19770 8149 68740 98954 44816 68743 46569 31421 25981 80666 12066 4612 12986 48332 49068 96977 
50864 31389 88584 77181 85897 13203 18692 19169 100789 77342 99414 38759 101127 76751 98948 6435 48785 94932 47130 78088 73563 36905 54041 27029 89725 46968 89808 36961 9885 45107 1968 101610 48643 19189 39650 83599 101691 20058 89498 96026 29808 97177 77282 70188 34622 10841 81176 20752 29809 79075 32192 51113 97397 62346 62252 9412 31734 16003 17926 86554 1142 39461 20545 42253 35005 92492 85263 26805 
33782 59978 62015 68022 20658 93188 77533 20450 46470 75018 87405 76502 90964 88676 83648 77659 26235 52579 62451 9407 18368 54955 86311 14842 71821 30577 75788 47373 57593 44638 21442 89562 58324 100733 29893 36161 19145 84666 52267 92057 30076 24444 52158 57410 64029 17320 1076 63513 44971 25465 10228 30876 56441 100424 34923 84686 100319 42293 1882 45632 84651 15069 63897 41138 49166 96730 58717 2461 93698 100395 69687 71724 90798 
81652 82479 90232 50216 61527 20852 88191 89487 10366 53695 72820 83305 56295 4631 9023 4534 45170 64998 68736 81268 96283 81215 39030 63000 22837 56275 85831 40279 83128 5067 85836 13525 91622 78260 17769 92939 25348 53118 72409 24111 70909 95919 33936 22452 90022 98654 51319 61502 98258 98291 50015 3039 63917 79236 57377 76174 95770 79118 96030 15643 37351 37718 48119 33437 89100 38287 75726 87360 32823 22339 17265 809 85659 29719 97428 87031 7030 
