65597 88180 47114 23823 41098 85473 76104 73048 85622 93978 101028 21867 76460 96183 73046 96225 28716 27316 55155 47351 81989 94748 76151 12117 36385 62603 15052 19705 35371 39000 68113 31329 19339 25729 11490 41080 925 38708 33579 88685 74293 55836 42203 71716 41337 8058 47138 30265 38962 79415 23386 45110 89044 44803 2208 8288 82076 84073 47206 96678 54513 48789 98007 23796 67255 40629 84712 37046 96104 47875 17149 30671 14218 35857 51574 42518 53467 57880 62963 55331 72136 68605 35830 53373 80659 35554 95996 60356 47300 99250 49545 74690 90910 52383 64709 32967 41323 43964 23131 58798
48855 23006 98658 59577 52447 79746 2033 31041 91574 89322 90147 84893 43446 7582 25692 53305 14448 64857 65803 35102 58255 18237 38894 46432 5354 24757 89554 64018 5321 89522 19822 90946 51097 88051 77795 94100 90921 63662 68505 90976 54361 96645 35273 70026 23326 59076 47444 47955 44988 25424 79060 86130 80428 68831 62595 95939 31555 76073 77637 82896 36359 68504 4524 36125 63065 106 3567 36946 97788 41962 70394 7605 53725 70035 9607 96039 52439 42020 34541 89664 84134 63121 53881 97808 33111 97370 35407 10189 94443 6769 52172 38440 94492 50678 24726 77890 339 17623 57965 90588
75355 12709 54995 6417 88514 26528 31383 31947 58788 101243 36922 52988 82119 95196 93085 43875 21947 28517 98122 21611 82582 84237 20309 58749 100829 35821 49264 1543 64712 41187 65627 1549 99166 27243 88308 60269 47238 43051 89150 49855 88021 78422 45101 89291 81914 68200 36538 71726 67461 8126 87879 70236 54248 32725 50489 50109 18241 53004 22794 69199 74612 98895 10372 97678 7828 18041 9724 56213 53870 22929 43816 43520 13946 26180 62490 29263 95246 46044 29961 31005 6090 36644 85575 80428 88501 91997 25051 71400 54601 100285 5110 52942 58734 79601 39066 52903 73492 63037 90221 95982
70263 44550 96610 87576 41816 28848 72987 31280 59516 39548 101146 92110 68499 46198 622 48712 9569 66217 26552 59307 56068 32229 34679 9955 53632 12093 86813 82312 27197 52993 99247 92473 43192 31614 25208 45861 69654 10903 30659 70412 72758 44104 43149 21730 33550 81315 33842 29798 31770 37942 90679 94466 84815 7569 77881 27836 29784 77847 96689 100890 75762 37975 96693 10898 48858 100204 94676 90331 88621 78255 23096 34425 78561 26743 12560 29169 96842 66973 42577 5057 15406 51541 83617 20316 15046 23744 50297 34150 20739 63661 75627 22902 73387 63276 90567 28198 46673 69735 67778 52316
101267 51879 18473 29583 75234 11806 37496 44233 39366 47309 88633 76445 32557 100075 96047 82035 6792 33548 32449 59579 47134 45477 14916 45055 58333 68640 39334 65723 10089 99244 23009 23547 49092 56841 5823 91683 80460 81300 32797 45209 27606 57486 47021 21404 99428 59954 54100 100767 94971 79860 54090 3007 99624 37372 87577 25433 46098 55627 54204 53454 11626 57936 5252 20872 91035 6748 95244 4613 30221 75814 87684 95047 63451 29408 94451 49749 36777 27055 60695 64219 26868 47807 53789 746 25289 44247 92019 13152 50109 4885 28235 53180 22469 60262 74128 36547 40822 7686 16438 65233
85877 34481 38602 89627 101457 82787 64872 31505 100850 355 58114 96521 13454 73719 42917 79696 45866 72071 44226 16548 67295 81473 14867 95677 85186 85740 38404 25267 56079 33521 19199 87552 47711 25707 52426 64983 39731 80259 4984 70715 20936 87901 304 63991 77274 87792 52169 67543 59302 2900 34918 9970 87803 45901 28258 16295 62538 24705 39576 1095 66302 52194 69842 15415 4346 25182 47219 30661 15970 15699 17314 76596 93098 51691 69084 56646 70706 78023 87822 25386 81222 72374 89887 68646 81347 69799 60762 22441 41467 13426 85267 1565 22841 60535 52575 95876 67621 84315 57318 65214
5872 80751 87696 98074 87035 1571 57147 97111 5336 4134 35691 74326 66564 34449 41566 33439 23263 380 22813 91575 6094 84868 56380 86905 88896 68058 99703 40005 100295 30922 89863 53294 57943 12891 40221 71812 56439 1969 74768 81009 74666 35110 23656 62328 53503 94517 87346 48138 18124 101346 61120 55684 99505 68466 51597 71781 44549 95898 2578 70762 72048 13389 40805 56497 23398 84737 61427 1376 9611 93838 36911 44021 39816 71065 25241 86591 85031 100734 82065 88034 19108 101622 87922 9635 44881 24303 53338 77379 47259 44832 81812 53905 35585 59621 99844 62100 92144 3792 34484 38775
26340 75676 30611 68741 60203 41588 43542 65062 75173 24396 92273 94689 58498 67323 37596 43865 99164 12463 7965 2237 8798 90269 81399 26595 75172 95033 21200 86999 49964 84150 74331 63131 59761 11670 23847 78003 98070 40698 62031 19299 41213 8329 76309 74442 20997 87912 40115 75004 89130 96783 7519 27336 38624 84976 39072 88378 44168 17694 66958 20989 65605 38412 58562 95646 32944 60971 1033 96656 79590 94569 4345 44750 63974 4846 71198 49169 41779 44781 6840 59094 48988 18627 10490 33874 85289 76629 62899 67717 63352 76198 27159 101294 13693 24135 96726 96495 28374 92073 99446 98550
6370 14171 5221 16649 14045 13708 90800 97448 78864 17850 76634 37562 22411 19912 72172 51188 82839 23126 212 11564 66085 101822 72036 32840 45123 97729 26137 85857 49954 97132 53773 14476 48916 82207 30886 14214 4743 47403 254 9345 72431 52126 71107 71155 76842 92997 2072 25643 82289 93224 33288 26845 15707 63905 75541 76366 38442 42129 61124 94560 19873 19494 98816 59993 31212 86535 13595 1720 23008 13348 9403 32672 101862 38414 45177 80029 84448 28234 55967 13372 36661 25869 43904 74605 79628 37040 80548 80945 84064 41387 60015 40944 28344 8049 17042 27865 16577 72017 40672 97679
44418 57246 14661 97633 96349 89310 46736 61685 27514 22153 38324 1129 67478 86398 98851 68143 8827 74080 34376 54650 49385 93026 24769 83734 80807 100374 81062 3982 30755 4693 3557 85123 11770 77557 85505 57163 13455 59013 2319 4924 36011 48174 11886 63366 77400 75387 99440 62669 100039 90021 26963 54899 11911 56713 24098 55688 6216 7620 22478 24980 14136 83162 42613 83630 88009 31432 51761 58103 8616 14349 71018 9386 64398 65263 90664 101187 14390 10596 71022 64691 50844 63337 82437 94361 57648 19318 22602 28062 101514 61197 67176 44792 50621 44729 86761 1883 36856 45480 98359 5586
84781 11764 69757 52676 101065 87659 93228 10804 91669 71161 80780 9929 92848 40914 31079 4025 94669 4382 20956 93660 90485 60906 9230 83217 90955 28132 49015 66544 93251 24523 96734 11038 24473 16313 4913 13982 98105 10339 39847 21886 82607 79476 92894 47363 100202 8944 99672 20995 21888 29652 97228 38623 68147 6099 34020 12982 54678 37257 64189 64762 40072 93277 30153 20101 75291 86992 92408 80098 5560 48513 60368 53126 83522 75444 25319 98429 90489 79598 4226 20906 42 45768 5712 39947 83304 24804 54210 74294 51155 1189 39339 42559 45294 60405 81671 88137 23171 24071 11730 56174
64076 32366 69812 55346 42452 41805 65887 92990 86332 25970 45356 13810 55960 71139 35209 46460 68432 5931 19662 17062 84529 3280 99894 63294 69449 83900 52725 38929 78720 43273 36111 27274 4286 59071 24308 58070 64663 29565 57232 42571 47990 11502 93565 49641 95938 47947 98562 81042 68309 99998 23353 84035 60164 45558 18221 94046 98397 59073 8651 91100 35085 51570 76339 91662 96230 97005 83038 7292 81277 8981 24745 56611 89446 46015 31753 0 1 2 3 4 5 6 7 8 9 10 11 12 13 14 15 16 17 18 19 20 21 22 23 24
4331 13766 21593 81459 1075 29020 61718 38674 46373 71354 21719 31948 59105 101856 9303 19302 84923 89588 7315 13084 75810 61507 70168 54519 45465 89984 8317 37859 53051 23455 19849 70208 87911 99745 615 98131 28682 36319 30977 42412 39034 17084 16997 73015 95870 6505 28709 89275 51405 85601 75184 17698 10467 16807 21743 37008 84709 88749 58795 85374 6705 1941 347 29174 77660 91332 47779 37211 37244 44694 54938 41465 57627 79744 13283 8394 40319 44581 21792 50756 87942 89036 74598 18157 93278 32228 11788 24116 42202 90982 86164 70166 69158 527 57934 19855 22562 10094 86949 92451
77317 26746 87227 11715 76001 9259 3823 58571 50604 20115 10015 73710 99805 63564 31418 24916 48005 97485 1865 24968 1694 45008 91431 70373 30097 8321 680 17529 37303 77850 57589 22663 33593 52535 4372 38261 48098 14665 63558 38527 48638 83820 78601 28414 78368 40165 33419 18553 4841 73665 78462 89500 86940 70831 73773 34827 32706 81053 4695 32540 100521 7218 7832 75819 53821 16893 66765 20118 69984 66316 64187 79512 60089 99723 35661 74698 53440 71819 47828 62800 48254 89699 24368 75797 85128 39240 17973 15641 89993 54300 100526 38599 85899 54842 64659 12749 89054 46258 95212 4900
55333 49234 96534 59865 46481 59779 9377 61804 43974 44178 84442 71104 53525 43080 50532 98114 84444 56243 45655 29644 85210 74401 40180 71801 82207 85884 99413 55378 1526 52146 39663 92393 17827 70277 54124 7444 47082 18559 41518 90871 70565 99976 3665 16193 6963 87806 24380 6838 39154 69348 95889 92660 91518 58208 91758 25531 41684 29099 12622 14731 14869 39469 37150 50326 9857 22989 23536 64671 76474 66881 85886 90972 62584 59722 75688 87136 7604 49930 57698 759 35238 42332 82777 97949 96218 25627 31689 72763 27754 27267 53799 75983 95793 98385 3518 71622 4714 6453 99735 87978
62679 16208 6743 81436 40313 15472 48342 29836 43614 98809 18505 25596 98472 69925 3169 21511 62957 2218 21946 3284 5933 6222 49162 37034 24819 38561 81526 28060 75783 72106 85029 56853 68146 65169 52875 60391 14082 84310 7298 29194 99504 37738 19145 28713 63254 12228 92198 83958 11647 48781 59892 36866 88686 94960 36272 15852 16825 28492 26259 68941 36510 51336 99055 47283 73060 94694 18966 10493 13746 14238 28375 58261 29988 52981 87359 26015 4399 64380 77344 45360 67350 40796 67941 77119 15475 46607 47316 50189 84563 76650 47995 97665 66641 68412 28764 67348 57022 77519 25868 65475
99421 55393 71764 55816 71222 63148 30933 58077 20508 67688 77741 80895 78661 28306 97419 46944 42594 23215 62225 92508 45277 69110 101180 44338 80519 57351 91001 29124 19465 18357 48332 76523 7225 6272 31421 48523 12066 101189 22886 7169 71556 72926 34287 97990 39810 12986 5494 59512 54409 76479 68740 99104 25981 13298 44117 16528 8149 44917 54372 84400 48546 24480 93194 55652 33163 25651 33674 36444 3109 61575 68743 4612 96977 6790 66563 3938 52936 92761 5463 52005 60769 475 45473 69571 18989 2686 48107 77888 76299 21140 18409 32225 4312 68400 43026 37416 64593 97359 35064 59976
6435 79075 18692 35005 88584 86554 48501 50864 77181 45107 98948 9412 52841 1142 101691 39619 89725 96026 99414 68996 65884 82196 97177 94932 68120 9885 13203 85897 19182 75128 73563 77342 80860 36961 34622 89808 3070 40238 1724 62252 97397 38759 12375 20752 25168 19301 7124 1968 31389 31363 78088 33461 29522 61975 10215 99218 46968 12297 65237 36944 100789 29808 92033 94769 11963 46976 25327 19177 20545 65807 80001 886 74750 51113 76751 42440 83259 68536 49572 56340 4258 2446 48785 14254 57033 39491 95023 3519 36905 86028 3898 101127 26271 57349 34635 57766 72886 60979 755 97097
84651 9407 33782 49166 75788 45632 90964 20658 41138 87405 52267 62015 84686 83648 23665 24866 28091 83335 92015 71724 96730 46470 57410 66805 34923 71821 53064 76502 56441 43733 30538 57696 3151 26235 52187 91146 15069 2461 5886 10228 68022 37363 94419 80869 32297 90035 34411 19145 93698 30876 63897 63513 100395 56158 20930 59978 60831 45173 61924 93188 80664 43633 37749 48526 43895 29827 35723 567 36161 78428 53203 60826 14842 5447 49529 2944 101119 90798 24292 64715 45925 89473 9249 34331 50886 32467 47777 37732 97874 75018 30216 20450 77533 79006 32938 5322 54275 65416 24444 22070
81652 50216 20852 98291 90232 82479 39030 61527 89487 81215 96283 72820 95919 10366 9023 61502 56295 83128 48177 31282 87360 70909 15643 33936 63000 809 22339 17265 37718 25348 88191 53695 48119 85836 81268 57377 3039 38780 83305 53595 76099 53118 96030 92939 50015 23427 78877 12740 55648 13525 38287 56275 1911 78260 4534 12584 29719 49532 9813 4631 31028 5067 9227 60005 67999 89100 90022 29694 22837 85831 13744 22452 86595 22067 76174 33925 29878 29905 84919 6930 98258 90243 98937 79288 10301 33437 59186 72409 7030 85659 91622 67957 46524 69095 19917 51319 13981 13527 17769 70507
