1
47138 2 3779 1 88685 1 92864 1 68545 0 65951 1 45670 0 73309 1 55331 2 56877 0 71207 2 1102 0 52383 0 35857 1 38962 0 10245 1 11490 0 65597 2 73046 0 68113 1 72364 2 21867 1 47114 1 28716 0 27316 1 23131 1 19705 1 85622 2 96183 1 84073 2 94748 0 37046 1 76460 2 427 2 18129 2 62963 2 74293 0 86464 0 41098 0 42203 1 41337 2 71716 0 26141 2 53031 1 35371 2 25729 1 17149 2 96678 2 44635 1 88180 0 2235 0 31329 1 73048 0 925 1 19339 0 38708 2 12117 1 44803 1 41080 1 23796 0 75268 0 84712 2 22034 0 32967 1 55155 0 2208 1 82076 1 2488 2 78064 2 62603 2 101028 0 93978 0 34535 0 40629 2 79415 0 31827 0 81464 1 53467 2 
2
61410 0 58255 1 92054 0 59641 1 59577 2 2033 0 7582 0 97452 2 91647 0 55724 2 43446 1 23006 0 80575 0 6204 2 44505 0 10576 2 38894 0 90921 1 89322 0 46432 1 51097 0 96645 2 90147 0 2693 1 11947 2 40422 0 71943 0 1690 1 89522 0 84893 2 94100 1 79746 0 85006 2 65803 2 64146 2 53305 1 38207 0 5099 0 46538 1 63662 1 36359 1 29759 2 25692 0 77795 2 98658 0 35102 0 63065 2 33515 0 54361 2 89554 1 48855 2 52144 0 101047 2 67370 1 7526 1 62079 0 35911 0 72891 0 64018 0 18237 2 15937 2 12203 0 4216 2 45769 1 47444 0 59909 1 60654 1 60704 0 64857 2 60587 0 29880 2 50000 1 19822 0 74123 0 53725 0 7605 0 52447 0 
3
6417 0 31947 0 51226 0 89324 0 56213 1 58749 1 54995 0 12709 0 16242 0 56797 2 82582 1 25051 0 60269 1 82119 0 6090 0 28517 1 54601 1 2530 2 1549 2 24808 0 49264 1 18041 0 49920 0 41187 0 36922 0 63037 2 83752 1 22794 2 52988 0 65627 0 61083 2 29961 1 47238 2 70236 2 53004 0 100829 1 67065 2 43875 0 62490 1 49855 0 9724 1 98122 0 101243 0 21947 0 35821 0 26528 0 31383 0 
4
41215 1 12560 1 37942 0 5057 1 44104 0 29169 0 90567 0 622 0 96610 0 12093 2 59307 2 84815 1 15406 0 53632 0 77881 1 41816 2 29784 0 70263 2 87576 1 26552 0 46198 0 68499 1 28848 2 72758 0 101146 1 39548 2 66967 1 99247 2 31770 2 94676 2 26743 0 48712 0 66217 0 21730 0 42577 0 33842 1 27197 1 52993 2 47817 1 25208 0 45861 0 59516 0 20739 0 94466 2 23096 1 43149 1 46673 2 10898 2 72987 2 23744 1 11092 2 44550 0 88621 1 43192 0 15931 0 31614 0 15046 2 92110 0 31280 2 34679 0 56068 0 82312 2 33550 0 86813 0 9955 2 66973 0 98408 2 63276 1 8086 0 69735 2 29798 2 28198 2 90679 2 70412 0 10903 0 30659 0 75627 1 32229 0 
5
44233 1 47309 1 57936 2 54090 1 53789 1 65723 2 81300 2 10089 2 54204 0 54100 2 20603 2 19164 2 4613 0 6792 0 59579 1 70173 0 88633 1 47134 2 53180 2 79860 2 60262 1 87557 0 37372 2 32449 0 19772 2 32557 0 80460 2 11626 0 32934 2 53454 0 60695 2 24899 0 51879 0 45477 2 49258 0 746 1 84059 1 37496 1 91683 0 3007 1 100767 2 46098 1 18473 1 23547 1 29331 1 58352 2 90166 1 45055 1 14916 1 101267 1 21404 2 23009 1 11806 1 5823 1 47021 1 49092 2 55627 2 31116 1 75814 2 87577 1 99719 1 33459 1 95244 1 58333 1 82035 0 59954 1 63451 0 30221 1 4885 2 57486 1 33548 2 29583 1 75234 1 91035 1 
6
15108 0 20936 1 355 2 100314 0 27328 0 25182 0 5998 0 38602 1 42917 0 67621 0 82025 1 77274 0 56079 0 20478 0 16548 1 78023 1 3384 0 30661 1 63991 2 12972 1 81473 1 100850 1 19199 0 25267 0 59302 0 58114 0 101457 0 96521 2 34918 0 13344 2 63087 1 98594 1 70706 0 25707 0 47711 0 100311 0 84315 0 38404 0 9931 0 13426 1 51691 0 87552 2 44434 0 81347 1 93266 2 52194 1 33521 2 73719 0 64872 0 69842 0 50172 0 11625 2 14867 2 70715 2 39576 2 82787 2 4346 0 16295 2 95677 2 52426 1 15699 2 1565 0 4984 0 85877 2 89627 0 67295 0 31505 0 87822 2 85740 2 53284 0 304 2 72841 0 69733 0 9970 0 64526 0 72071 1 48109 0 45866 0 44226 0 79696 0 15415 1 34481 0 13454 0 64167 0 
7
26770 1 32020 1 67074 2 55684 0 40805 0 6349 0 61120 1 98383 2 1571 2 47259 0 48138 2 91575 2 94517 0 40221 0 4134 0 33439 0 66006 1 99703 1 98815 2 69022 1 35691 2 44021 1 80076 1 5872 0 30922 2 22813 0 35110 2 87035 0 71812 0 53294 2 88896 2 99505 1 68466 1 80751 0 66564 2 74326 0 23263 1 38775 1 13389 0 5336 0 93260 2 68058 2 95898 0 3792 1 38389 2 53503 2 89863 2 6094 2 40005 2 87346 0 57147 0 86905 2 31649 2 15045 2 62328 0 56439 0 380 0 12891 0 84868 2 56380 1 91207 2 101346 0 74688 2 74666 1 97111 1 93838 0 98074 0 87696 0 41566 1 70762 0 2578 2 34449 0 
8
38412 0 75172 0 79590 2 26595 2 99164 2 59094 0 6840 0 75676 2 19299 2 58498 0 24396 0 41588 1 43542 1 68741 0 65605 0 63974 0 44750 0 101294 0 41213 0 96656 0 21285 0 95646 1 12463 1 26340 0 30611 2 92273 0 65062 0 27159 2 94689 0 23847 2 4345 2 23217 2 7748 0 18627 0 2237 0 90269 0 8798 0 62031 1 83347 2 35851 0 75173 1 99446 0 60971 2 63131 1 84397 2 33874 1 79817 1 71564 2 81399 0 85289 1 7965 1 84150 2 49964 2 59761 2 76198 0 94569 2 51454 2 74331 0 31667 0 89450 0 92073 0 28374 0 49116 0 16800 0 67323 0 95033 2 96783 2 12952 0 51632 2 21200 1 22234 0 59370 0 5892 0 60203 0 20989 0 
9
23008 0 38442 0 61124 0 42129 0 15707 0 101822 1 66085 1 9403 0 77603 1 76634 2 51188 0 60135 0 2072 1 75541 1 90800 1 40672 0 52126 1 37562 0 35733 0 2856 0 98816 2 62087 0 78864 0 84064 0 16577 0 79564 1 32840 1 17850 0 40889 0 82289 0 14171 0 29580 2 5221 0 76842 0 28234 0 19912 1 26137 1 30886 1 47403 1 27865 0 97729 2 4743 0 13595 1 92997 2 15969 1 6370 1 72172 1 10108 1 14214 2 86535 1 49954 1 36668 0 38414 1 11564 0 212 0 9345 1 13708 0 97448 1 25869 0 16649 0 98359 2 48916 0 22411 0 11744 1 53773 1 101862 0 97132 0 72431 1 254 0 41033 0 59993 0 45177 0 45123 0 71155 1 71107 1 82207 0 29234 0 14045 0 25643 1 23126 0 
10
96349 2 57163 1 98359 2 98851 1 31432 1 90021 0 90664 0 63337 1 6216 1 7620 1 14349 1 54650 1 13455 1 26453 2 11886 0 88009 0 8616 1 61197 2 80807 0 71035 2 48174 0 36011 0 11770 1 49385 0 75387 1 99440 1 100039 0 62669 0 55688 0 4693 1 89310 1 24980 1 22478 1 14390 1 97633 1 14661 1 24769 0 81062 1 86398 0 34376 1 1129 0 67478 0 3557 0 85505 0 26963 0 85123 0 68143 1 38324 1 54899 1 27514 1 24098 1 100374 0 9386 1 83162 1 14136 1 30755 0 59013 0 67176 0 63366 1 82437 1 61685 1 22602 0 57246 1 44418 1 77557 1 22153 0 83734 0 4924 1 2319 1 77400 0 74080 0 8827 0 11911 1 93026 0 42613 1 83630 1 46736 1 3982 1 
11
94669 2 87659 2 6099 0 92894 0 36174 2 10306 0 93228 0 36877 0 25319 1 90485 1 31079 2 13982 0 4913 0 75024 2 20101 1 38330 2 92848 2 91669 2 21886 0 84455 1 50728 0 82991 0 60079 2 91845 2 40914 1 19936 1 47363 2 37715 2 98105 1 21888 0 75444 1 16313 2 93660 0 20956 0 5560 1 90489 1 29652 0 60906 0 33681 0 10804 1 90955 0 83217 0 9230 0 83304 2 60903 0 52676 2 11764 1 69757 1 80780 2 4382 0 9929 2 71161 2 49015 0 28132 0 96734 0 24523 0 99672 1 75291 1 98429 2 4025 0 66544 0 93251 1 39339 0 1189 0 85637 2 11438 1 10339 1 16057 2 10338 1 101065 2 54678 0 63791 2 86992 2 40165 1 84781 2 82607 2 97243 2 79476 1 12982 2 
12
52725 0 69449 0 92990 1 68432 1 27274 1 94046 0 68309 2 90438 0 95938 1 59073 1 71139 0 43273 2 48242 1 56611 1 91100 1 5931 0 13810 1 42452 1 3280 0 25970 1 99894 1 81042 1 65887 1 64663 1 41805 1 19662 1 93565 0 11502 0 55346 0 83900 1 86332 1 45356 0 63294 1 35209 1 89530 1 64076 1 23353 1 47947 1 46460 1 91662 1 96230 1 98562 2 69812 0 32366 0 55960 0 
13
54519 0 22818 0 61507 0 74598 1 31948 0 75810 2 50756 0 21719 0 85374 0 21743 0 101856 1 6505 1 85601 0 29020 1 84923 2 61718 1 17084 1 89588 0 77660 0 32730 0 7315 1 23455 0 88749 0 84709 0 95870 2 73015 2 70208 0 38674 2 9303 0 37008 1 70168 1 87911 0 69158 1 4331 0 21593 2 91332 0 8161 1 13766 1 21792 1 98131 2 19302 0 46373 0 57627 1 59105 0 29174 0 56510 0 70242 0 99745 0 37211 1 615 1 1075 0 10467 2 16807 2 24255 2 66165 2 28709 1 89275 1 36319 1 28682 1 41465 0 81459 0 71354 0 92451 0 19855 2 6150 1 37859 0 8317 0 54938 1 13084 0 8394 1 16997 1 13283 2 19849 1 32228 0 79744 1 42202 1 39034 1 
14
17529 2 87227 1 76001 2 30097 2 50604 2 91431 2 63564 2 63558 1 40346 2 33419 0 26746 1 77317 2 58571 2 48005 0 24872 1 11715 2 24968 2 76102 2 57589 0 77850 0 73665 0 18553 0 48638 0 83820 0 32706 0 81053 1 4841 2 70373 2 31418 2 680 1 48098 0 17973 1 38261 0 73773 0 89993 0 14665 1 33947 1 85128 2 33593 2 75120 2 15641 1 4372 2 70831 0 78368 0 7218 0 40165 1 74181 1 62098 1 3823 1 99805 0 73710 0 1865 2 37303 1 89500 2 22663 0 10015 1 71652 2 89243 0 46776 1 45008 2 9259 2 78601 2 38599 2 40665 0 28414 0 56066 2 78462 0 38527 2 
15
56243 1 39469 1 18559 0 49234 0 84442 0 52146 2 7444 1 47082 1 71801 0 50326 0 37150 0 9377 0 54124 0 759 0 4714 1 61804 0 76474 0 64671 0 96534 0 46481 1 62584 0 64455 1 82777 0 14869 1 96218 2 84444 1 98385 0 45655 0 3518 0 12622 0 29099 1 43974 0 59722 1 85210 1 98114 1 34153 0 19184 0 44178 0 6453 1 95889 1 59865 0 92393 0 59779 0 50532 0 43080 0 55333 2 17827 1 70277 1 39663 0 75688 0 87136 0 41518 1 1526 0 25531 0 85886 2 66881 2 29644 0 23536 0 85884 0 16193 0 3665 0 53525 2 90871 0 53799 0 75983 0 27267 2 24380 0 42332 0 35238 0 25627 0 55378 0 74401 0 17341 2 71104 0 40180 0 99413 0 82207 0 
16
51336 0 21511 2 98809 1 18505 1 99504 1 71728 1 28060 1 38561 0 58261 2 47283 0 88686 0 99055 2 14082 0 50141 0 4554 0 47995 1 75101 0 3169 1 43135 0 87359 2 67350 2 62024 2 37034 2 29836 0 11647 2 48781 2 2218 2 12228 0 36272 2 62957 0 72106 0 65169 0 25596 0 29194 0 16825 2 36866 1 16208 2 48342 2 6743 0 50189 1 21946 0 75839 1 6222 0 28492 0 68941 2 28713 2 84310 2 83958 2 68146 1 77344 0 5933 0 24819 2 994 2 93012 1 56853 1 29988 2 81526 0 77519 1 7298 0 73060 2 26259 0 94662 1 43614 0 37738 1 94960 2 3209 0 85029 0 75783 0 40313 0 62679 0 4399 0 98100 0 69925 0 98472 1 81436 2 49162 0 67209 0 15852 1 36510 2 15472 0 
17
3938 0 80519 1 19465 1 57351 1 7169 1 44816 1 96977 0 45473 1 39810 1 4612 1 19770 1 92508 1 31421 1 49068 0 69110 0 80895 0 101180 1 97419 1 23215 1 6272 1 68743 1 13298 1 21592 0 7225 1 30933 2 42594 0 99421 0 16528 1 97359 0 48332 1 45277 0 48107 0 71222 0 77741 2 71556 2 37416 0 55393 0 71764 1 18357 0 34287 0 60769 1 33674 1 63148 0 58077 2 67688 0 20508 0 78661 1 101189 1 76523 1 91001 1 44338 0 62225 0 48523 1 54409 1 68740 0 98954 1 48546 1 24480 1 5494 0 4312 1 99104 1 80666 1 12066 1 12986 1 29124 0 8149 0 59512 1 46569 0 55652 2 6790 1 22886 1 28306 1 35639 1 77888 1 46944 1 36444 0 55816 0 25981 0 
18
89725 0 101610 1 48785 0 19169 0 38759 0 39461 0 94932 0 70188 1 36905 0 35005 0 6435 2 1968 2 9412 0 26805 1 85897 0 79075 0 101691 0 17926 0 76751 0 42253 2 47130 1 16003 0 31389 0 97177 2 29809 0 32192 1 18692 0 54041 1 96026 2 77282 1 62252 2 92492 2 99414 0 20545 2 85263 2 77181 0 27029 2 97397 2 81176 2 51113 2 50864 1 19189 0 45107 0 20058 0 31734 2 39650 1 10841 0 9885 0 36961 1 86554 0 77342 1 101127 0 88584 0 78088 2 98948 0 89498 0 13203 1 29808 0 20752 0 89808 0 46968 1 100789 1 83599 1 34622 1 62346 0 73563 2 48643 1 1142 0 
19
75788 0 58324 0 29893 2 100395 0 25465 2 57410 0 52267 2 45632 0 15069 0 83648 0 75018 0 1076 1 20658 0 96730 2 90964 0 21442 0 46470 2 93698 0 17320 2 92057 2 64029 2 62015 0 57593 1 19145 0 71821 0 89562 0 14842 2 86311 2 36161 2 41138 0 33782 2 30076 2 34923 0 9407 1 93188 0 44638 1 49166 0 63897 0 58717 0 87405 2 10228 0 84666 2 30577 2 88676 0 62451 0 100733 0 90798 0 54955 0 47373 0 77533 0 20450 0 26235 0 56441 0 84651 2 30876 0 42293 2 71724 0 63513 0 24444 2 77659 2 100424 0 52579 0 100319 0 52158 0 59978 2 69687 2 68022 2 765 1 
20
24111 1 4534 0 56275 0 87031 2 56295 0 4631 1 61502 1 90232 1 10366 0 29719 1 63000 1 7030 0 98291 1 37718 1 89100 0 37351 2 96030 1 92939 1 39030 2 25348 1 33437 1 72820 1 81268 0 98258 1 97428 0 95919 1 89487 2 53695 0 40279 0 53118 2 87360 1 82479 1 79236 0 57377 2 32823 1 50216 1 5067 0 90022 0 85836 1 22452 0 38287 0 85659 0 61527 1 3039 0 48119 0 22339 0 809 0 33936 2 98654 0 17265 1 81652 1 96283 0 81215 0 22837 0 13525 1 17769 2 63917 2 20852 0 88191 2 9023 0 83305 2 78260 2 51319 2 95770 1 79118 2 83128 2 68736 1 91622 2 70909 2 76174 1 72409 1 64998 1 45170 0 50015 0 15643 0 75726 0 85831 0 
