43964 55836 98007 48789 51574 58798 8058 96225 33579 96104 60356 72136 47206 30265 41323 89044 23386 45110 85473 76151 95996 64709 35554 8288 23823 57880 49545 36385 80659 76104 53373 47875 90910 35830 30671 68605 47300 81989 74690 42518 47351 99250 39000 14218 15052 54513 67255 
36946 84134 97370 97788 5321 9607 50678 33111 24757 94492 53881 82896 90588 106 35407 23326 10189 70394 31041 90946 89664 14448 3567 97808 5354 6769 41962 62595 57965 88051 70035 59076 68831 91574 63121 70026 44988 77637 339 80428 35273 94443 31555 77890 47955 95939 42020 86130 79060 52172 17623 4524 36125 38440 34541 90976 68505 52439 76073 96039 25424 24726 68504 
84237 91997 58734 20309 64712 54248 87879 75355 46044 52903 43520 8126 95982 21611 69199 95246 89291 18241 85575 22929 43051 100285 50489 90221 52942 98895 97678 79601 71726 95196 36644 53870 89150 88021 45101 13946 58788 32725 74612 80428 5110 71400 27243 78422 29263 7828 36538 26180 73492 88514 81914 88308 88501 31005 50109 1543 68200 10372 99166 39066 43816 93085 67461 
78255 75762 78561 63661 77847 48858 69654 50297 100204 83617 9569 90331 67778 22902 96842 7569 34425 20316 100890 96689 73387 34150 52316 51541 96693 37975 27836 81315 92473 
7686 39366 56841 39334 13152 47807 16438 68640 32797 27055 92019 29408 20872 99428 94971 64219 28235 99624 25289 45209 99244 40822 96047 49749 26868 50109 27606 36777 44247 25433 36547 22469 87684 76445 6748 95047 65233 5252 74128 100075 94451 
57318 17314 85186 41467 72374 68646 24705 87803 60762 89887 25386 60535 39731 76596 45901 66302 80259 69799 67543 95876 93098 69084 22441 85267 28258 64983 1095 2900 87792 47219 65214 81222 22841 62538 52169 56646 52575 15970 87901 
77379 1376 62100 88034 100295 18124 74768 82065 24303 39816 9635 53905 25241 71065 59621 61427 86591 35585 57943 101622 19108 71781 23398 36911 81812 56497 85031 34484 92144 44881 100734 1969 81009 72048 23656 53338 99844 44832 44549 51597 87922 9611 84737 
40698 62899 4846 1033 75004 63352 86999 13693 10490 39072 40115 32944 96726 76309 24135 74442 38624 48988 27336 20997 87912 43865 37596 41779 44781 8329 88378 98550 11670 17694 71198 66958 58562 78003 98070 96495 44168 76629 49169 89130 67717 84976 7519 
93224 43904 8049 80945 37040 80548 63905 94560 33288 13372 55967 1720 80029 41387 26845 36661 74605 17042 19873 85857 60015 28344 84448 13348 79628 97679 32672 14476 19494 40944 31212 76366 72036 82839 72017 
50621 5586 94361 57648 19318 71022 10596 44792 64398 56713 51761 44729 86761 64691 71018 101187 1883 58103 45480 36856 65263 101514 28062 50844 
93277 37257 68147 92408 20995 24071 40072 88137 60368 45768 42 42559 60405 80098 64762 11730 45294 48513 64189 23171 39947 79598 51155 34020 97228 4226 81671 100202 11038 74294 39847 8944 24473 83522 20906 53126 30153 54210 24804 38623 56174 5712 
97005 84035 35085 42571 78720 29565 60164 4286 8981 18221 31753 46015 99998 38929 36111 17062 83038 45558 24308 24745 76339 59071 58070 57232 51570 98397 47990 49641 89446 81277 7292 84529 8651 
53051 18157 17698 90982 89984 45465 42412 75184 86949 10094 51405 70166 87942 22562 527 57934 58795 44581 93278 6705 40319 89036 47779 30977 11788 24116 347 44694 37244 1941 86164 
52535 85899 1694 24916 100521 47828 8321 97485 20115 35661 32540 100526 74698 34827 95212 53821 62800 4695 24368 20118 86940 69984 64187 66765 46258 39240 71819 16893 66316 12749 79512 75819 54300 89699 48254 7832 53440 4900 89054 75797 54842 64659 60089 99723 
6838 69348 39154 14731 92660 95793 97949 31689 72763 6963 87806 58208 91758 57698 9857 49930 7604 70565 99976 90972 87978 71622 27754 22989 41684 91518 99735 
77119 15475 52981 57022 67348 46607 68412 66641 63254 10493 67941 59892 18966 28764 92198 47316 40796 94694 97665 64380 84563 26015 14238 25868 76650 28375 45360 13746 3284 60391 52875 65475 
44117 18409 2686 66563 33163 43026 44917 59976 35064 475 64593 76299 76479 25651 72926 84400 61575 93194 5463 32225 97990 54372 68400 18989 3109 69571 52005 92761 21140 52936 
57766 36944 7124 99218 25327 33461 3898 1724 12297 74750 19182 65884 12375 3070 75128 755 2446 25168 97097 10215 42440 95023 46976 86028 68536 83259 57033 4258 3519 65807 40238 65237 39491 886 68996 26271 94769 60979 56340 61975 68120 72886 31363 19177 57349 52841 39619 11963 34635 14254 80860 19301 82196 80001 48501 49572 29522 92033 
65416 80664 22070 28091 24866 23665 43733 83335 54275 43895 52187 3151 5886 66805 80869 97874 79006 30538 32297 56158 34411 30216 89473 34331 90035 53064 29827 60826 49529 5322 61924 50886 37732 24292 32938 60831 45173 43633 64715 94419 92015 45925 32467 57696 9249 567 91146 101119 47777 2944 48526 37749 37363 5447 53203 35723 78428 20930 
13527 29905 46524 48177 55648 86595 23427 29878 13981 76099 12584 9813 6930 12740 19917 90243 67999 67957 49532 78877 84919 98937 1911 9227 33925 60005 69095 53595 31028 59186 22067 70507 29694 13744 10301 31282 38780 79288 
